0 0.3352095631025635
1 0.3423188673533018
2 0.3340697655725086
3 0.3068538018105386
4 0.25584995582385156
5 0.17974153286321987
6 0.15190215853454353
7 0.12998033667346592
8 0.0934822487391379
9 0.06791328097219357
10 0.048179638908012794
11 0.03795334949750377
12 0.030574579963078666
13 0.024322862203307725
14 0.020328086739170245
15 0.01740085675945733
16 0.013599477734749827
17 0.010432224354547616
18 0.008807124518042999
19 0.007255480618131311
20 0.005473933126000327
21 0.0035442608153342433
22 0.001682179159689272
23 1.875449297261265E-4
24 -0.0013238928158557542
25 -0.002916877143879328
26 -0.004046671173586559
27 -0.004681825113057412
28 -0.004903423435383723
29 -0.00475417962200879
30 -0.004258695135062013
31 -0.0034169699745433785
32 -0.002229004140452885
33 -0.0011664980463518338
34 -6.82954849616502E-4
35 -3.8160541810679764E-4
36 -1.3553774148664354E-4
37 -2.4893750166322243E-4
38 -7.394965886998472E-4
39 -0.0019835268914239995
40 -0.003049838579473273
41 -0.005494628474576607
42 -0.010839967051058615
43 -0.01500066783233157
44 -0.01789653636124773
45 -0.019674332415738603
46 -0.020729050833420803
47 -0.020716522462912865
48 -0.01914735096151372
49 -0.016136921575412744
50 -0.012111806734342104
51 -0.010874662647247044
52 -0.010380370866279333
53 -0.009139169810487919
54 -0.008357537491544333
55 -0.008072406722381043
56 -0.0081514733492527
57 -0.007912639669700568
58 -0.007460037256644657
59 -0.008174068842038234
60 -0.009736363542646828
61 -0.010700206639006352
62 -0.01091921375698314
63 -0.010929461928022839
64 -0.011268421300109754
65 -0.01148793340878978
66 -0.01079932386224901
67 -0.009869014868646317
68 -0.010303437329447405
69 -0.011270152757472876
70 -0.012111619309880825
71 -0.01313262360922395
72 -0.014456447731353204
73 -0.016103900520184285
74 -0.0181399899390796
75 -0.019363397514080713
76 -0.020218930546099505
77 -0.024556960380087894
78 -0.029904291724711724
79 -0.03258155103311505
80 -0.03367569245875716
81 -0.03401196636086613
82 -0.03367569245875716
83 -0.03258155103311505
84 -0.029904291724711724
85 -0.02455696038008789
86 -0.020218930546099516
87 -0.019363397514080706
88 -0.018139989939079598
89 -0.01610390052018429
90 -0.014456447731353201
91 -0.013132623609223943
92 -0.012111619309880818
93 -0.011289954171459358
94 -0.010371083920160345
95 -0.010074938894561363
96 -0.011196835236892461
97 -0.012360747918171959
98 -0.013013787032398166
99 -0.013640413641270749
100 -0.014960971695279943
101 -0.01639228333999357
102 -0.016943402123389354
103 -0.01619815744190457
104 -0.015408992389096276
105 -0.014866789949374803
106 -0.013589313159820536
107 -0.012001808763353819
108 -0.009990907461510767
109 -0.00816118302231224
110 -0.007136097661514941
111 -0.006749686742499276
112 -0.0073246043086882436
113 -0.00851601984913772
114 -0.009459864882275883
115 -0.009830067583001024
116 -0.00972211457933979
117 -0.009264044151736678
118 -0.008346769906349458
119 -0.006967428797600439
120 -0.005260621041142462
121 -0.004046340877396133
122 -0.003825347592275221
123 -0.00404719604292117
124 -0.004543555786542858
125 -0.005154573471303919
126 -0.005529940087493152
127 -0.005678339175459096
128 -0.005574111608252221
129 -0.0055766409292250544
130 -0.005572529136418912
131 -0.005190736919882913
132 -0.0047559324143278585
133 -0.0044254947115719865
134 -0.004274600384999428
135 -0.003963427321178013
136 -0.00368524815031989
137 -0.003836100340672201
138 -0.004109867763977262
139 -0.004580121099932071
140 -0.003955986573416639
141 -0.0025999871415314634
142 -0.002620699250041727
143 -4.6420968033770635E-4
144 0.007645116188043994
145 0.018137243849232404
146 0.024286717288710104
147 0.023090362738345475
148 0.018050927472722668
149 0.018254305424323092
150 0.02767549600752289
151 0.042726911773932306
152 0.06571840641838297
153 0.10252179431355246
154 0.14603729570187035
155 0.19933349897485605
156 0.2624890824384182
157 0.3049972111461795
158 0.3284172997107782
159 0.3397023697390306
160 0.334884367542947
161 0.3145831412623376
162 0.28317379721497793
163 0.2391353766926395
164 0.18320818067635275
165 0.14326385592343155
166 0.11349008120396258
167 0.08229257131420148
168 0.0596355076514876
169 0.044632512294388624
170 0.03380588865061263
171 0.025818662471883927
172 0.019687648240949675
173 0.013646339303566844
174 0.0074665294436289
175 0.004727496211653405
176 0.0034897653569435742
177 0.0021042288354982215
178 0.0013616099583438146
179 8.352641825564708E-4
180 6.772527596659472E-4
181 5.737634956044476E-4
182 4.249141214331236E-4
183 2.839352664965508E-4
184 1.2140143632619475E-4
185 2.7392629478916598E-5
186 -2.7392629478916598E-5
187 -1.2140143632619475E-4
188 -2.839352664965508E-4
189 -4.4538109834381504E-4
190 -6.436838159994264E-4
191 -8.647976893920728E-4
192 -0.0011236302059950082
193 -0.001661895046104543
194 -0.002438953928751823
195 -0.0031868616051280657
196 -0.004114439925860104
197 -0.005120422350723646
198 -0.006441586233731271
199 -0.009290762449618475
200 -0.012597150285231243
201 -0.014753065128359964
202 -0.016014543779864998
203 -0.016724085529682697
204 -0.016917661159126192
205 -0.0165426833381663
206 -0.015312846881577797
207 -0.012693676246163611
208 -0.010506713609711883
209 -0.010205345240307749
210 -0.01020805984696703
211 -0.009718896551574471
212 -0.008963316017481841
213 -0.00840708610131032
214 -0.008245413892331948
215 -0.008215973716024873
216 -0.00795471587735113
217 -0.007539279755893693
218 -0.008420054881335438
219 -0.010232675561962754
220 -0.011781063234080862
221 -0.013045293829805002
222 -0.014044525880429894
223 -0.015903265143182993
224 -0.017761853337875194
225 -0.018064578483798586
226 -0.016861269871651468
227 -0.01510044208861865
228 -0.013461916514743329
229 -0.01117993596204391
230 -0.008793503452669927
231 -0.0066554483786667095
232 -0.006188671942241837
233 -0.007881214191494153
234 -0.01149287134362748
235 -0.02046634603163902
236 -0.03167108347482029
237 -0.039770151200423424
238 -0.04467524499575672
239 -0.04631027626086782
240 -0.04467524499575672
241 -0.039770151200423424
242 -0.03167108347482029
243 -0.02046634603163902
244 -0.01149287134362748
245 -0.007881214191494153
246 -0.006188671942241837
247 -0.0066554483786667095
248 -0.008793503452669927
249 -0.01117993596204391
250 -0.013481717928729813
251 -0.015168088679331584
252 -0.017067193897566516
253 -0.01846208985844204
254 -0.01863466784725738
255 -0.01764863087547141
256 -0.016755477593677806
257 -0.017087051768101807
258 -0.017473139935068074
259 -0.017439714142705277
260 -0.016444143481201764
261 -0.015488234888345312
262 -0.014889985701243702
263 -0.013594098276614428
264 -0.011967421019044291
265 -0.009809617713358733
266 -0.007679476532583511
267 -0.00638427390298217
268 -0.005825835849284109
269 -0.005135593049604681
270 -0.005233575768796154
271 -0.0068844622577521365
272 -0.007968533546489066
273 -0.008601579467687888
274 -0.008860975902950506
275 -0.008592965192129818
276 -0.007897080084941692
277 -0.006920713582642509
278 -0.00551920062642112
279 -0.0035911428306983975
280 -0.003092620754045235
281 -0.0032812875282234788
282 -0.003339195728059319
283 -0.003829136229914652
284 -0.004544118167799854
285 -0.00515044122897542
286 -0.005379314996787002
287 -0.0053147256043551885
288 -0.0048791504812456974
289 -0.004199935610456547
290 -0.0034363514005866535
291 -0.002448629054974531
292 -0.0014450257408861588
293 -7.163296119645086E-4
294 -2.3547567100212118E-4
295 1.7330097872301028E-4
296 5.770462696927391E-4
297 0.0012037275991068712
298 0.0020624155063189665
299 0.002911526020653675
300 0.003992921914445329
301 0.005135918480276396
302 0.00666388302080842
303 0.00983959504796747
304 0.013680773346510994
305 0.017139660202522156
306 0.02073611973086646
307 0.02497035022808561
308 0.03137891977680933
309 0.041373910477081756
310 0.05634121374642476
311 0.08108862134470407
312 0.11421769662098301
313 0.1540216370118626
314 0.20935692160226518
315 0.2673870498685724
316 0.3104538437082167
317 0.33929490340517826
318 0.3488082875414953
319 0.33402225022292836
320 0.3014156664642244
321 0.25740796988095793
322 0.20013645451171136
323 0.14749797710435983
324 0.11665338342793435
325 0.09490198775022192
326 0.0773414023474486
327 0.06605762036476297
328 0.05633540501856731
329 0.04657310664456279
330 0.037290848657410225
331 0.026139126057227714
332 0.011926151396894041
333 9.946624373400213E-4
334 -0.0023178167953939927
335 -0.002599987141531467
336 -0.003955986573416646
337 -0.004580121099932076
338 -0.004109867763977264
339 -0.003836100340672201
340 -0.0036852481503198862
341 -0.003963427321178017
342 -0.004274600384999433
343 -0.004425494711571985
344 -0.004755932414327869
345 -0.005190736919882916
346 -0.0055725291364189114
347 -0.005581621755782347
348 -0.005591127359539658
349 -0.005723979954297229
350 -0.005600116604231883
351 -0.005228515151020876
352 -0.00456243081205625
353 -0.003829136229914652
354 -0.003339195728059319
355 -0.0032812875282234788
356 -0.003092620754045235
357 -0.0035911428306983975
358 -0.00551920062642112
359 -0.006920713582642509
360 -0.007897080084941692
361 -0.008592965192129818
362 -0.008860975902950506
363 -0.008601579467687888
364 -0.007968533546489066
365 -0.0068844622577521365
366 -0.005233575768796154
367 -0.005135593049604681
368 -0.005825835849284109
369 -0.00638427390298217
370 -0.007679476532583511
371 -0.009809617713358733
372 -0.011967421019044291
373 -0.013594098276614428
374 -0.014889985701243702
375 -0.015488234888345312
376 -0.016444143481201764
377 -0.017439714142705277
378 -0.017473139935068074
379 -0.017087051768101807
380 -0.016755477593677806
381 -0.01764863087547141
382 -0.01863466784725738
383 -0.01846208985844204
384 -0.017067193897566516
385 -0.015168088679331584
386 -0.013481717928729813
387 -0.01117993596204391
388 -0.008793503452669927
389 -0.0066554483786667095
390 -0.006188671942241837
391 -0.007881214191494153
392 -0.01149287134362748
393 -0.02046634603163902
394 -0.03167108347482029
395 -0.039770151200423424
396 -0.04467524499575672
397 -0.04631027626086782
398 -0.04467524499575672
399 -0.039770151200423424
400 -0.03167108347482029
401 -0.02046634603163902
402 -0.01149287134362748
403 -0.007881214191494153
404 -0.006188671942241837
405 -0.0066554483786667095
406 -0.008793503452669927
407 -0.01117993596204391
408 -0.013481717928729813
409 -0.015168088679331582
410 -0.017067193897566516
411 -0.018462089858442044
412 -0.01863466784725738
413 -0.01764863087547141
414 -0.016755477593677806
415 -0.017087051768101807
416 -0.017473139935068074
417 -0.017439714142705277
418 -0.016436695102030087
419 -0.01552687003217973
420 -0.015100564003587016
421 -0.014276242993513903
422 -0.013214884205683832
423 -0.011859032414483606
424 -0.011710791416438264
425 -0.012706647161398566
426 -0.013414650107849844
427 -0.013447949293009964
428 -0.01312715043728115
429 -0.012826341675424556
430 -0.012086991194577096
431 -0.010803355230093343
432 -0.00917569973098857
433 -0.008339760166960936
434 -0.008698794085849929
435 -0.008827218546645747
436 -0.008628376036118757
437 -0.008370021755462736
438 -0.00784382748874646
439 -0.007242960921765999
440 -0.006670417626090579
441 -0.006168616869282577
442 -0.005792112188144054
443 -0.0057105065401359114
444 -0.005706027592846669
445 -0.005474754692162607
446 -0.005352592312137375
447 -0.0056020726311862765
448 -0.006040319522893038
449 -0.006557784613857264
450 -0.00757272747730473
451 -0.009719257924413909
452 -0.012169524740456454
453 -0.01373254587372607
454 -0.014290999605686838
455 -0.013746670729400159
456 -0.012506159398624098
457 -0.010878411766573635
458 -0.008556142973151003
459 -0.00544692814420442
460 -0.002890415308430242
461 -0.0017642270325365994
462 -0.0011267762066671976
463 -7.727965601574849E-4
464 -7.035187109671548E-4
465 -7.847139640047019E-4
466 -9.534128947264315E-4
467 -0.001061124734686592
468 -0.0011157084833123443
469 -0.0011533115775830838
470 -0.0010955461534278904
471 -0.0010755874023940836
472 -0.0013820739409244082
473 -0.0015960458681121908
474 -0.0017402257628374
475 -0.0019763776298121886
476 -0.002223477341266474
477 -0.0018857569544071303
478 -0.001130085392950592
479 -0.0010073953987833147
480 7.652168710380304E-4
481 0.006125515826716222
482 0.012601863644866524
483 0.01758354276104563
484 0.020992165311182663
485 0.023253367545706588
486 0.024653028101679752
487 0.026139135288466276
488 0.025162281432017125
489 0.025429958023242844
490 0.03519839803417954
491 0.05001558892271328
492 0.0682812296619173
493 0.09357862469933877
494 0.12475220524644261
495 0.15774115420782023
496 0.19371103925074898
497 0.2302227212430011
498 0.26140946067242044
499 0.2909005168983576
500 0.3165470149344507
501 0.32691120537787405
502 0.3196254239960625
503 0.29889444033004875
504 0.26748065732957693
505 0.22825751769492042
506 0.1857018999552479
507 0.14409297232103804
508 0.10585150874715395
509 0.07950723705071759
510 0.06486986268223768
511 0.05406809226211563
512 0.04418014027556298
513 0.038061473763837936
514 0.03671281935605352
515 0.034207890450861256
516 0.032233037454396304
517 0.031451070829411065
518 0.029864349465724648
519 0.028508778472388484
520 0.025966757401615564
521 0.022295612668620648
522 0.01744633698023361
523 0.013211705755447523
524 0.008662458690896596
525 0.0036954877266187954
526 0.001332735851598053
527 1.479274164268031E-5
528 -0.0010664601542680415
529 -0.0015453191442677994
530 -0.0017267644828426003
531 -0.0018497280085670376
532 -0.0019400021111834946
533 -0.0018338198747317143
534 -0.0018664139201013418
535 -0.0019605498662410544
536 -0.0019096629324474171
537 -0.0019313004615320885
538 -0.0021359615227105927
539 -0.0021174215282695873
540 -0.0021127526076303825
541 -0.0023280983298600002
542 -0.002804629700966851
543 -0.0033053714017115604
544 -0.004199882579632753
545 -0.006453528308470168
546 -0.008877692949732426
547 -0.01110870453674802
548 -0.013042359591707476
549 -0.014312223861754477
550 -0.015633230897227512
551 -0.01636526325832353
552 -0.015936608187820396
553 -0.014377723730427134
554 -0.01301176713656091
555 -0.01275286431717556
556 -0.012333915065478922
557 -0.011677131271450958
558 -0.010973040325357588
559 -0.01034010747061993
560 -0.010421153906287891
561 -0.011259346162580647
562 -0.012494360858886205
563 -0.013168089357940671
564 -0.013716765037746641
565 -0.014624978244116375
566 -0.015143531515096948
567 -0.01616201282825848
568 -0.01729296787038807
569 -0.01736826836710498
570 -0.01711545099130382
571 -0.017376164046528992
572 -0.01764728811376964
573 -0.016806076992071928
574 -0.016408981015222587
575 -0.01728729181700684
576 -0.01731648880550625
577 -0.01739340843592702
578 -0.017644033202946167
579 -0.017509011062108386
580 -0.017137375751323524
581 -0.01710330213178982
582 -0.01747582675598928
583 -0.01695488683636652
584 -0.018799843706770854
585 -0.02294182469321404
586 -0.025634039673346955
587 -0.028555022228940477
588 -0.03140021610418464
589 -0.032938615042514274
590 -0.03305627660019296
591 -0.032373584342293704
592 -0.03119358308495999
593 -0.02839918746232075
594 -0.02679559827778627
595 -0.027232080054442942
596 -0.028086033072051212
597 -0.028542760741319863
598 -0.028419249223923016
599 -0.027917943575512482
600 -0.026981126353416186
601 -0.025546149657201592
602 -0.023532906309375
603 -0.02064927737920957
604 -0.018331565513680623
605 -0.01793362461969455
606 -0.018075957427701687
607 -0.017901274293117022
608 -0.017651578771362343
609 -0.017861328544152746
610 -0.02012041733099008
611 -0.023277125628974
612 -0.026041777515876958
613 -0.027547656399334795
614 -0.027291756172999417
615 -0.025966046499600527
616 -0.023283135681082687
617 -0.018823677941380193
618 -0.012702469460858108
619 -0.007531296911716219
620 -0.0047846090103858575
621 -0.00398131653479744
622 -0.004221727667732958
623 -0.005722051059100465
624 -0.010357946035259233
625 -0.016238829335023165
626 -0.020483345860445853
627 -0.02303968156576965
628 -0.02390783645099456
629 -0.02308781051612058
630 -0.02057960376114773
631 -0.016383216186075997
632 -0.010498647790905377
633 -0.0055290032553584265
634 -0.003293623229764641
635 -0.0018769271274515027
636 -7.836739323347957E-4
637 -4.291268002629521E-4
638 -5.609131437755762E-4
639 -7.71268301204725E-4
640 -9.188269465047591E-4
641 -0.0010116012930505602
642 -0.0010322163802523614
643 -0.0010101909828860174
644 -9.833829709186479E-4
645 -8.753349300852886E-4
646 -7.034464541615684E-4
647 -6.47192896931465E-4
648 -6.927996709429443E-4
649 -8.228379988518336E-4
650 -9.100885438779774E-4
651 -9.328625658013092E-4
652 -8.618431423876913E-4
653 -7.232287225749587E-4
654 -4.276320606557774E-4
655 1.4496436562740356E-5
656 6.244888552353418E-4
657 0.002024999814468925
658 0.003914505371610283
659 0.006163683527723091
660 0.008045914942284679
661 0.011065954949267365
662 0.017218905661656687
663 0.02296849601163106
664 0.02804815100664524
665 0.0337320154201053
666 0.04363949545027862
667 0.06017787554979972
668 0.08973313578034131
669 0.10847004031635686
670 0.14732297801792518
671 0.23240451829793599
672 0.28398657437433467
673 0.31644284270791573
